0
1967
3909
5800
7616
9334
10933
12394
13701
14840
15801
16577
17162
17558
17765
17791
17644
17336
16881
16296
15601
14814
13958
13054
12124
11191
10276
9398
8575
7826
7163
6600
6144
5802
5577
5469
5475
5590
5805
6108
6486
6923
7402
7905
8413
8905
9363
9767
10099
10343
10483
10506
10403
10164
9786
9267
8607
7812
6888
5846
4700
3466
2162
807
-576
-1964
-3333
-4660
-5921
-7092
-8151
-9078
-9854
-10462
-10890
-11126
-11163
-10995
-10623
-10049
-9278
-8320
-7186
-5893
-4457
-2898
-1239
497
2286
4103
5923
7720
9472
11155
12749
14234
15593
16814
17885
18797
19548
20134
20557
20823
20940
20917
20769
20511
20159
19732
19251
18735
18205
17681
17181
16726
16330
16010
15776
15639
15607
15683
15869
16163
16560
17052
17630
18280
18987
19734
20503
21274
22025
22737
23389
23961
24433
24789
25012
25089
25010
24766
24352
23767
23011
22090
21011
19785
18426
16951
15379
13731
12030
10299
8564
6851
5184
3588
2086
702
-545
-1637
-2558
-3296
-3840
-4185
-4328
-4270
-4014
-3567
-2941
-2147
-1202
-124
1067
2349
3699
5094
6511
7926
9317
10661
11940
13136
14232
15216
16078
16809
17407
17870
18200
18401
18483
18455
18331
18125
17854
17536
17191
16837
16494
16182
15918
15720
15602
15579
15660
15855
16168
16603
17159
17832
18616
19501
20475
21524
22630
23774
24936
26093
27225
28307
29319
30236
31041
31712
32233
32589
32767
32759
32557
32160
31567
30781
29811
28666
27360
25908
24329
22645
20877
19051
17191
15322
13471
11662
9920
8268
6726
5314
4048
2943
2008
1252
679
289
81
48
183
474
906
1464
2128
2880
3699
4563
5450
6339
7209
8041
8817
9520
10137
10657
11070
11372
11559
11631
11593
11450
11212
10889
10497
10050
9567
9065
8564
8085
7647
7268
6969
6764
6669
6698
6860
7163
7613
8210
8954
9839
10859
12002
13255
14601
16022
17498
19006
20523
22025
23488
24886
26197
27398
28468
29387
30140
30711
31089
31268
31240
31006
30566
29927
29097
28088
26914
25592
24143
22588
20949
19251
17518
15776
14048
12358
10730
9183
7736
6406
5207
4149
3240
2486
1887
1442
1146
991
968
1061
1258
1540
1889
2286
2711
3144
3564
3954
4295
4571
4767
4873
4878
4775
4562
4236
3801
3261
2625
1904
1110
260
-629
-1538
-2446
-3333
-4178
-4959
-5656
-6249
-6722
-7057
-7241
-7263
-7115
-6792
-6290
-5612
-4763
-3748
-2581
-1274
155
1689
3305
4980
6691
8413
10119
11785
13385
14896
16295
17562
18678
19627
20396
20975
21359
21542
21527
21315
20913
20333
19585
18686
17654
16507
15268
13958
12600
11218
9834
8470
7148
5886
4703
3614
2631
1764
1020
403
-86
-450
-693
-824
-854
-795
-663
-474
-247
0
247
474
663
795
854
824
693
450
86
-403
-1020
-1764
-2631
-3614
-4703
-5886
-7148
-8470
-9834
-11218
-12600
-13958
-15268
-16507
-17654
-18686
-19585
-20333
-20913
-21315
-21527
-21542
-21359
-20975
-20396
-19627
-18678
-17562
-16295
-14896
-13385
-11785
-10119
-8413
-6691
-4980
-3305
-1689
-155
1274
2581
3748
4763
5612
6290
6792
7115
7263
7241
7057
6722
6249
5656
4959
4178
3333
2446
1538
629
-260
-1110
-1904
-2625
-3261
-3801
-4236
-4562
-4775
-4878
-4873
-4767
-4571
-4295
-3954
-3564
-3144
-2711
-2286
-1889
-1540
-1258
-1061
-968
-991
-1146
-1442
-1887
-2486
-3240
-4149
-5207
-6406
-7736
-9183
-10730
-12358
-14048
-15776
-17518
-19251
-20949
-22588
-24143
-25592
-26914
-28088
-29097
-29927
-30566
-31006
-31240
-31268
-31089
-30711
-30140
-29387
-28468
-27398
-26197
-24886
-23488
-22025
-20523
-19006
-17498
-16022
-14601
-13255
-12002
-10859
-9839
-8954
-8210
-7613
-7163
-6860
-6698
-6669
-6764
-6969
-7268
-7647
-8085
-8564
-9065
-9567
-10050
-10497
-10889
-11212
-11450
-11593
-11631
-11559
-11372
-11070
-10657
-10137
-9520
-8817
-8041
-7209
-6339
-5450
-4563
-3699
-2880
-2128
-1464
-906
-474
-183
-48
-81
-289
-679
-1252
-2008
-2943
-4048
-5314
-6726
-8268
-9920
-11662
-13471
-15322
-17191
-19051
-20877
-22645
-24329
-25908
-27360
-28666
-29811
-30781
-31567
-32160
-32557
-32759
-32767
-32589
-32233
-31712
-31041
-30236
-29319
-28307
-27225
-26093
-24936
-23774
-22630
-21524
-20475
-19501
-18616
-17832
-17159
-16603
-16168
-15855
-15660
-15579
-15602
-15720
-15918
-16182
-16494
-16837
-17191
-17536
-17854
-18125
-18331
-18455
-18483
-18401
-18200
-17870
-17407
-16809
-16078
-15216
-14232
-13136
-11940
-10661
-9317
-7926
-6511
-5094
-3699
-2349
-1067
124
1202
2147
2941
3567
4014
4270
4328
4185
3840
3296
2558
1637
545
-702
-2086
-3588
-5184
-6851
-8564
-10299
-12030
-13731
-15379
-16951
-18426
-19785
-21011
-22090
-23011
-23767
-24352
-24766
-25010
-25089
-25012
-24789
-24433
-23961
-23389
-22737
-22025
-21274
-20503
-19734
-18987
-18280
-17630
-17052
-16560
-16163
-15869
-15683
-15607
-15639
-15776
-16010
-16330
-16726
-17181
-17681
-18205
-18735
-19251
-19732
-20159
-20511
-20769
-20917
-20940
-20823
-20557
-20134
-19548
-18797
-17885
-16814
-15593
-14234
-12749
-11155
-9472
-7720
-5923
-4103
-2286
-497
1239
2898
4457
5893
7186
8320
9278
10049
10623
10995
11163
11126
10890
10462
9854
9078
8151
7092
5921
4660
3333
1964
576
-807
-2162
-3466
-4700
-5846
-6888
-7812
-8607
-9267
-9786
-10164
-10403
-10506
-10483
-10343
-10099
-9767
-9363
-8905
-8413
-7905
-7402
-6923
-6486
-6108
-5805
-5590
-5475
-5469
-5577
-5802
-6144
-6600
-7163
-7826
-8575
-9398
-10276
-11191
-12124
-13054
-13958
-14814
-15601
-16296
-16881
-17336
-17644
-17791
-17765
-17558
-17162
-16577
-15801
-14840
-13701
-12394
-10933
-9334
-7616
-5800
-3909
-1967
0
1967
3909
5800
7616
9334
10933
12394
13701
14840
15801
16577
17162
17558
17765
17791
17644
17336
16881
16296
15601
14814
13958
13054
12124
11191
10276
9398
8575
7826
7163
6600
6144
5802
5577
5469
5475
5590
5805
6108
6486
6923
7402
7905
8413
8905
9363
9767
10099
10343
10483
10506
10403
10164
9786
9267
8607
7812
6888
5846
4700
3466
2162
807
-576
-1964
-3333
-4660
-5921
-7092
-8151
-9078
-9854
-10462
-10890
-11126
-11163
-10995
-10623
-10049
-9278
-8320
-7186
-5893
-4457
-2898
-1239
497
2286
4103
5923
7720
9472
11155
12749
14234
15593
16814
17885
18797
19548
20134
20557
20823
20940
20917
20769
20511
20159
19732
19251
18735
18205
17681
17181
16726
16330
16010
15776
15639
